title
1.0
   10.26 0 0 
   0 10.26 0 
   0 0 10.26
lattice
 8
Si  0.8750000000000000  0.8750000000000000  0.8750000000000000
Si  0.8750000000000000  0.3750000000000000  0.3750000000000000
Si  0.3750000000000000  0.8750000000000000  0.3750000000000000
Si  0.3750000000000000  0.3750000000000000  0.8750000000000000
Si  0.1250000000000000  0.1250000000000000  0.1250000000000000
Si  0.1250000000000000  0.6250000000000000  0.6250000000000000
Si  0.6250000000000000  0.1250000000000000  0.6250000000000000
Si  0.6250000000000000  0.6250000000000000  0.1250000000000000
